<?xml version="1.0" encoding="UTF-8" standalone="no"?>
<!DOCTYPE svg PUBLIC "-//W3C//DTD SVG 20010904//EN"
              "http://www.w3.org/TR/2001/REC-SVG-20010904/DTD/svg10.dtd">

<svg xmlns="http://www.w3.org/2000/svg"
     width="0.446667in" height="0.466667in"
     viewBox="0 0 134 140">
  <path id="LogoP1"
        fill="none" stroke="black" stroke-width="1"
        d="M 47.45,135.48
           C 40.33,136.23 34.42,134.02 28.33,131.75
             24.08,127.47 22.79,121.00 24.27,114.64
             25.28,109.47 32.58,101.81 36.25,98.08
             39.52,94.70 47.80,87.13 52.18,79.89
             57.77,69.60 64.39,64.85 67.59,67.84
             71.62,64.33 85.44,74.56 83.84,77.17
             83.84,77.17 95.04,92.56 95.04,92.56
             95.04,92.56 109.50,106.09 109.50,106.09
             113.15,111.96 114.63,123.87 109.03,128.49
             105.86,133.56 101.15,135.50 92.24,136.42
             87.12,135.22 79.28,132.54 74.51,131.28
             70.51,129.13 63.96,128.94 60.98,130.82
             55.46,133.93 52.33,134.57 47.45,135.48 Z
           M 100.96,81.32
           C 103.60,88.12 110.20,97.66 122.99,88.73
             132.43,83.04 134.26,70.66 131.11,62.94
             125.93,50.56 116.59,52.89 109.38,57.15
             104.21,61.22 97.81,69.34 100.96,81.32 Z
           M 101.97,47.92
           C 88.06,63.75 74.66,49.03 74.15,43.04
             71.01,32.79 76.69,18.57 80.35,14.11
             88.67,3.85 101.67,-0.00 108.17,18.07
             111.01,27.71 107.96,41.62 101.97,47.92 Z
           M 62.58,41.01
           C 60.04,55.63 44.00,61.11 36.29,50.35
             29.08,44.57 25.52,32.59 26.23,26.90
             27.86,11.06 37.71,-3.66 55.07,14.31
             60.35,19.08 63.09,27.81 62.58,41.01 Z
           M 5.63,66.19
           C 5.83,61.11 12.93,46.80 27.96,56.55
             32.33,61.32 37.50,65.28 36.89,76.34
             34.46,90.15 25.02,95.12 14.25,88.42
             7.86,84.26 4.31,77.15 5.63,66.19 Z" />
</svg>
